10001011
01111110
10001011
10001011
10011100
10001001
10100111
11001110
11000001
11000110
11011000
11011100
11000001
11010010
11101011
11100011
11111011
11001100
11000011
11100101
11000001
11110111
11000001
11010000
11000010
11011111
11101001
11100000
10111101
11001101
10101101
11011001
11010011
11001001
11000101
10110100
10100000
10010000
10000011
10011011
01111111
01101010
01110100
01101011
01000100
01000011
01100111
01001010
01010100
00111001
00110000
01001101
00010011
00101110
01000011
00100100
00010100
00101101
00000110
00000001
00010010
00000100
00111001
00011000
01000110
00011100
00011101
00110000
00011101
01000011
00110101
00110100
01010010
01010011
01110010
01110000
10000010
01101111
10001101
01111100
10011011
10101010
10000001
10101001
10101110
10110001
10110100
10011101
10110101
10110001
10101111
11101001
11001010
11100010
11110010
11000010
11001000
11110011
11110011
11110011
11011110
11111001
11001101
11000110
10111111
11101010
11100100
10110101
10110000
11010100
11010000
10101111
10011101
10011001
10001000
10000010
10001001
01111010
10010111
01111110
01010011
01111101
01000000
01110111
00110010
01010111
01011100
00110010
01000100
01001110
00010000
00100111
00111101
00110101
00001100
00010101
00110111
00010110
00101110
00010110
00001101
00101100
00111000
00010100
00101000
00011111
01001000
00111011
00110111
00111110
00110101
00110101
01011010
01111110
01010000
10001100
10001011
10010101
01111011
10001101
10101000
10000111
10011101
10101011
10101010
10110101
10110011
11011001
10110110
11001100
11101011
11110011
11001000
11000101
11111101
11110101
11100100
11011111
11010101
11011010
11110100
11001001
11110100
11100111
11101100
10110110
10111100
11011100
11011000
10110101
11001000
10100101
10010010
10011001
10001101
01101001
01111011
10010000
01110111
01110000
01110100
01110000
01000000
01000010
00111101
01001111
00111100
00011100
00110000
00111101
00001101
00100100
00011011
00000011
00100010
00101100
00011001
00000100
00000111
00010111
00111001
01000000
00101100
00010000
00011000
00110010
00111011
01010001
01010001
01001100
01101101
01110000
01010011
01110100
01010101
10000011
10001000
10101011
10100000
10101110
10000111
10111110
10101101
10011111
11011010
10110111
10111110
11100110
10110110
11100000
11000101
11110001
11010100
11010111
11100000
11000101
11110100
11010011
11110101
11101010
11000111
11000011
11011111
10111101
11010001
10110000
11010110
11010101
10011000
10001101
10010001
10100010
10000100
10100101
10000110
10000011
01101100
01011011
01001001
01100100
01001110
01001001
00110101
00111101
00111111
00111000
00111110
00010111
00010010
00011110
00010111
00100011
00100111
00011000
00100110
00000001
00001000
00100111
00110010
00101111
00101011
00010001
00011010
01010100
00111100
01001101
01010110
01010100
01001100
01101001
01010101
01101101
01011010
01111110
01111111
10011111
10100010
10100100
10101101
10101101
10011001
10101110
10101001
10111100
11100001
11101010
10110001
11110010
11110001
11011110
11011010
11110100
11110101
11000111
11111111
11001101
11100100
11110111
11111000
11010100
11100011
10110011
11100000
11010100
11001100
11001001
10010011
10100010
10001100
10010101
10010010
10001100
01110011
01100000
01101010
01011011
01100101
01110110
01110111
00110111
00110001
00110101
01000110
00111101
00101011
01000001
00100001
00011010
00101010
01000011
00101101
00011111
00101000
00000100
00010011
00001000
00000100
00010000
00001111
00100011
01000000
00100000
00101000
01011001
01001110
00111101
01010010
01001001
01111101
01001110
01101111
10001101
01101010
01110000
10000101
10100110
10101010
11000000
10011000
11000011
11010011
10101001
11000011
11100010
11101010
10111101
10111000
11000110
11011100
11111010
11011010
11111010
11000111
11001110
11100010
11100001
11010000
11110010
11011110
11011000
11010101
11001100
10100101
10101001
10100011
10111101
11000100
10110001
01111011
10010100
10001110
01110011
10011011
01101110
10000001
01101111
01100000
01110100
01010011
00101101
00110011
00101000
00110010
01001000
00010110
01000011
01000100
01000010
00100001
00111100
00001001
00101011
00011000
00101001
00111110
00010000
00011100
00001110
01000111
01001010
00101100
01010111
00101101
00101111
01100111
00111000
01010001
01010010
01101110
01100010
10000111
10000011
10100001
10011111
10110010
10101110
10101001
10011100
11001111
11011001
10111010
11011100
11100011
10110010
10110111
11011110
11011101
11011100
11100010
11111011
11001001
11010011
11101001
11101110
11101110
11001001
11000010
11011011
11000001
11100010
11001001
11000110
10100000
10011000
10010001
10001110
10101101
10010001
10000110
10010101
10000001
01011110
01111100
01100011
01101001
01110011
01000010
01011011
00111101
00100000
00011011
00110010
00100111
00111000
01000011
00011100
00111010
00011001
00110110
00111000
00001001
00111100
00110011
00111010
00101110
00011010
00011111
00011110
00100111
00100001
00110101
01011010
01010101
01010011
00111111
01111101
01011001
01110101
10001110
01111010
10000001
10101100
10001100
10001100
10010001
10100010
10111000
10110111
10101111
11011010
10101110
11100111
10110110
11001011
11100010
11011000
11000001
11000111
11010011
11110000
11011101
11111010
11010111
11011100
10111101
11110000
10111110
11101100
11001001
11011011
10101010
10100000
10100100
10101011
10001000
10010110
10011011
10001000
10000011
01100101
10010001
01010100
01001011
01101100
01110010
01100110
00101011
00110100
00101010
00110000
00011001
00100111
00111001
00010101
00110011
00100010
00110100
00100000
00110111
00001100
00011111
00001001
00001110
00011101
00111010
00110001
00100101
00110001
01001100
01000000
01100101
00111100
01001111
01100000
01100110
01111000
01110101
01110011
10000110
01110011
10010000
10010011
10011001
10101011
10011011
11001110
10100000
10110010
10111011
10101100
11001101
10110100
11001010
11011111
11010101
11101001
11101011
11110101
11010100
11101101
11111011
11010101
11100100
11010100
11101100
11001010
10111010
11011111
10011111
10111010
11010000
10010111
10010101
10010101
10101000
01110001
10000101
10001101
10010011
10001111
01011000
01010111
01100110
01100000
01010010
01000111
01011110
01010010
01000011
00110101
00100101
00111111
00111011
01000010
00000010
00001001
00000100
00000100
00010000
00010000
00001010
00110001
00001001
00111001
00010111
00101000
00101111
01001111
00110010
01001111
01010110
01000101
01101010
01111111
01101101
01011110
10001110
10011010
01110000
10010100
10101110
10100000
10010100
10110001
10101101
11000111
11100010
11001101
11100111
11010111
11000111
11100110
11011010
11110010
11001101
11111100
11000000
11000011
11001011
11000100
11001011
11010011
11001010
11101111
10111100
11100011
10111011
11000111
10100010
11000100
11000111
10111001
10101001
10101111
10010011
10000011
10000010
01111111
01111011
01001111
01111011
01001100
00110100
01010001
00110000
00101110
00111000
00111001
01000001
00011001
00101110
01000001
00001010
00010100
00101101
00111110
00110100
00110010
00111010
01000000
00111111
01000011
00011011
00100110
00101001
01001111
00111011
01100010
01101010
01101011
00111110
01000111
01111001
10000101
01101010
01101101
10011110
10101100
10101101
10110100
11000111
11000100
10100100
10101001
10100011
11100100
10111010
11110000
11000100
11010001
11011101
11011100
11110100
11010101
11100010
11010010
11010001
11110110
10111110
11100010
10111010
11011010
10111110
11011010
11001110
10100011
10100101
10010101
10111000
10110001
10001101
10010110
10000111
10000011
10010101
01101001
10000001
01010001
01011010
01101010
01001000
01011001
00101010
01001100
00011011
01000100
01000111
00100100
00111000
00111100
01000000
00110101
00101110
00110111
00111011
00010010
00100000
00101000
00001000
01000111
00011001
01001110
01001101
00110011
01011111
01010010
01101100
01001110
01101011
01110000
01111010
01111110
01111111
10000101
10001001
10011100
10100000
10000111
10111110
11000110
10101101
10111001
11001010
11010111
10111001
11101101
11101100
11001110
11011101
11000001
11100100
11001101
11110111
11111111
11100000
11110110
10111111
11110000
10111010
11100110
11101101
11011011
10100110
11000100
11000010
10101100
10110101
10101011
10011000
10010111
10000001
01101111
10010000
01101100
10000110
10000010
01111010
01001110
01101001
01100010
00110110
01000110
01001001
00100011
00111011
00100010
00011001
00001101
00101000
00001100
00111110
00110101
00001000
00000110
00110001
00111000
00100010
00010001
00100110
00100101
00110001
00101011
01000001
01000011
01000111
01001000
01101010
01000011
01010010
10000100
01111010
01110010
01111110
10011000
10110010
10000101
10100001
10001001
10101000
10011001
10100010
11010000
11001111
11001010
11010110
11101011
11011110
11010100
11011010
11010001
11010000
11111000
11111100
11000101
11111100
11100110
11100100
11100110
10111110
11101000
11011000
10110010
10101110
11000100
10110101
10100000
10100111
10001011
10001101
10011101
10011001
01111110
01011000
01110101
01110000
01110011
01110101
01010010
01001000
01000000
01011110
01001111
01001010
00100101
00100111
00011101
00110011
00100100
00011110
00110100
