,delay_samples,inv_frac,tolerance,tolerance_samples,total_signals,total_triggers,hits,hitrate,misfires,misfire_rate,performance
0,50,2.0,0.0001,100,503.0,4755,503,1.0,3945,0.8296529968454258,0.5851735015772871
1,50,2.25,0.0001,100,503.0,3534,503,1.0,2738,0.7747594793435201,0.61262026032824
2,50,2.5,0.0001,100,503.0,2640,503,1.0,1882,0.7128787878787879,0.643560606060606
3,50,2.75,0.0001,100,503.0,1994,503,1.0,1295,0.6494483450351053,0.6752758274824473
4,50,3.0,0.0001,100,503.0,1590,502,0.9980119284294234,909,0.5716981132075472,0.7131569076109381
5,50,3.25,0.0001,100,503.0,1285,497,0.9880715705765407,635,0.49416342412451364,0.7469540732260136
6,50,3.5,0.0001,100,503.0,1040,489,0.9721669980119284,423,0.40673076923076923,0.7827181143905796
7,50,3.75,0.0001,100,503.0,906,478,0.9502982107355865,307,0.33885209713024284,0.8057230568026719
8,50,4.0,0.0001,100,503.0,760,458,0.9105367793240556,215,0.28289473684210525,0.8138210212409751
9,50,4.25,0.0001,100,503.0,650,431,0.856858846918489,150,0.23076923076923078,0.8130448080746291
10,50,4.5,0.0001,100,503.0,544,396,0.7872763419483101,102,0.1875,0.799888170974155
11,50,4.75,0.0001,100,503.0,462,356,0.7077534791252486,78,0.16883116883116883,0.7694611551470398
12,50,5.0,0.0001,100,503.0,395,320,0.6361829025844931,55,0.13924050632911392,0.7484711981276896
13,50,5.25,0.0001,100,503.0,335,287,0.5705765407554672,33,0.09850746268656717,0.73603453903445
14,50,5.5,0.0001,100,503.0,304,261,0.5188866799204771,25,0.08223684210526316,0.718324918907607
15,50,5.75,0.0001,100,503.0,267,240,0.47713717693836977,15,0.056179775280898875,0.7104787008287354
16,50,6.0,0.0001,100,503.0,237,218,0.43339960238568587,11,0.046413502109704644,0.6934930501379906
17,50,6.25,0.0001,100,503.0,210,198,0.39363817097415504,7,0.03333333333333333,0.6801524188204109
18,50,6.5,0.0001,100,503.0,191,180,0.35785288270377735,7,0.03664921465968586,0.6606018340220458
19,50,6.75,0.0001,100,503.0,176,166,0.33001988071570576,6,0.03409090909090909,0.6479644858123983
20,50,7.0,0.0001,100,503.0,164,155,0.3081510934393638,4,0.024390243902439025,0.6418804247684624
21,65,2.0,0.0001,100,503.0,4368,503,1.0,3729,0.8537087912087912,0.5731456043956045
22,65,2.25,0.0001,100,503.0,3230,503,1.0,2600,0.804953560371517,0.5975232198142415
23,65,2.5,0.0001,100,503.0,2465,503,1.0,1846,0.7488843813387424,0.6255578093306289
24,65,2.75,0.0001,100,503.0,1895,503,1.0,1290,0.6807387862796834,0.6596306068601583
25,65,3.0,0.0001,100,503.0,1492,501,0.9960238568588469,896,0.6005361930294906,0.6977438319146781
26,65,3.25,0.0001,100,503.0,1209,496,0.9860834990059643,623,0.5153019023986766,0.7353907983036438
27,65,3.5,0.0001,100,503.0,1002,491,0.9761431411530815,427,0.42614770459081835,0.7749977182811316
28,65,3.75,0.0001,100,503.0,908,485,0.9642147117296223,324,0.3568281938325991,0.8036932589485115
29,65,4.0,0.0001,100,503.0,804,480,0.9542743538767395,226,0.2810945273631841,0.8365899132567778
30,65,4.25,0.0001,100,503.0,731,468,0.9304174950298211,156,0.213406292749658,0.8585056011400816
31,65,4.5,0.0001,100,503.0,654,454,0.9025844930417495,104,0.15902140672782875,0.8717815431569604
32,65,4.75,0.0001,100,503.0,596,432,0.8588469184890656,83,0.13926174496644295,0.8597925867613113
33,65,5.0,0.0001,100,503.0,539,412,0.8190854870775348,61,0.11317254174397032,0.8529564726667822
34,65,5.25,0.0001,100,503.0,472,385,0.7654075546719682,38,0.08050847457627118,0.8424495400478484
35,65,5.5,0.0001,100,503.0,426,360,0.7157057654075547,28,0.06572769953051644,0.8249890329385191
36,65,5.75,0.0001,100,503.0,393,338,0.6719681908548708,21,0.05343511450381679,0.8092665381755271
37,65,6.0,0.0001,100,503.0,355,315,0.6262425447316103,14,0.03943661971830986,0.7934029625066503
38,65,6.25,0.0001,100,503.0,319,286,0.5685884691848907,9,0.02821316614420063,0.770187651520345
39,65,6.5,0.0001,100,503.0,283,263,0.5228628230616302,8,0.028268551236749116,0.7472971359124405
40,65,6.75,0.0001,100,503.0,256,240,0.47713717693836977,6,0.0234375,0.7268498384691848
41,65,7.0,0.0001,100,503.0,231,219,0.43538767395626243,4,0.017316017316017316,0.7090358283201226
42,80,2.0,0.0001,100,503.0,4201,503,1.0,3523,0.838609854796477,0.5806950726017615
43,80,2.25,0.0001,100,503.0,3126,503,1.0,2460,0.7869481765834933,0.6065259117082533
44,80,2.5,0.0001,100,503.0,2329,503,1.0,1675,0.7191927866036926,0.6404036066981538
45,80,2.75,0.0001,100,503.0,1783,503,1.0,1151,0.6455412226584408,0.6772293886707796
46,80,3.0,0.0001,100,503.0,1438,503,1.0,815,0.566759388038943,0.7166203059805285
47,80,3.25,0.0001,100,503.0,1183,503,1.0,570,0.4818258664412511,0.7590870667793744
48,80,3.5,0.0001,100,503.0,1012,499,0.9920477137176938,381,0.37648221343873517,0.8077827501394794
49,80,3.75,0.0001,100,503.0,883,494,0.9821073558648111,246,0.2785956964892412,0.851755829687785
50,80,4.0,0.0001,100,503.0,823,486,0.9662027833001988,177,0.21506682867557717,0.8755679773123108
51,80,4.25,0.0001,100,503.0,754,472,0.9383697813121272,116,0.15384615384615385,0.8922618137329867
52,80,4.5,0.0001,100,503.0,698,463,0.9204771371769384,75,0.10744985673352435,0.906513640221707
53,80,4.75,0.0001,100,503.0,656,454,0.9025844930417495,53,0.08079268292682927,0.9108959050574601
54,80,5.0,0.0001,100,503.0,635,448,0.8906560636182903,40,0.06299212598425197,0.9138319688170191
55,80,5.25,0.0001,100,503.0,599,429,0.852882703777336,24,0.04006677796327212,0.906407962907032
56,80,5.5,0.0001,100,503.0,589,421,0.8369781312127237,19,0.03225806451612903,0.9023600333482973
57,80,5.75,0.0001,100,503.0,555,409,0.8131212723658051,15,0.02702702702702703,0.893047122669389
58,80,6.0,0.0001,100,503.0,521,398,0.7912524850894632,11,0.02111324376199616,0.8850696206637335
59,80,6.25,0.0001,100,503.0,473,384,0.7634194831013916,6,0.012684989429175475,0.875367246836108
60,80,6.5,0.0001,100,503.0,440,364,0.7236580516898609,5,0.011363636363636364,0.8561472076631123
61,80,6.75,0.0001,100,503.0,411,349,0.6938369781312127,5,0.012165450121654502,0.8408357640047791
62,80,7.0,0.0001,100,503.0,383,329,0.6540755467196819,3,0.007832898172323759,0.823121324273679
63,95,2.0,0.0001,100,503.0,3958,503,1.0,3268,0.8256695300656898,0.5871652349671551
64,95,2.25,0.0001,100,503.0,2860,503,1.0,2164,0.7566433566433567,0.6216783216783217
65,95,2.5,0.0001,100,503.0,2119,503,1.0,1423,0.6715431807456347,0.6642284096271827
66,95,2.75,0.0001,100,503.0,1633,503,1.0,942,0.576852418860992,0.711573790569504
67,95,3.0,0.0001,100,503.0,1304,503,1.0,613,0.4700920245398773,0.7649539877300613
68,95,3.25,0.0001,100,503.0,1112,503,1.0,422,0.37949640287769787,0.810251798561151
69,95,3.5,0.0001,100,503.0,972,503,1.0,280,0.2880658436213992,0.8559670781893004
70,95,3.75,0.0001,100,503.0,889,503,1.0,192,0.21597300337457817,0.8920134983127109
71,95,4.0,0.0001,100,503.0,839,502,0.9980119284294234,116,0.13825983313468415,0.9298760476473696
72,95,4.25,0.0001,100,503.0,816,499,0.9920477137176938,79,0.09681372549019608,0.9476169941137489
73,95,4.5,0.0001,100,503.0,783,496,0.9860834990059643,52,0.06641123882503193,0.9598361300904661
74,95,4.75,0.0001,100,503.0,760,495,0.9840954274353877,28,0.03684210526315789,0.9736266610861148
75,95,5.0,0.0001,100,503.0,739,487,0.9681908548707754,21,0.028416779431664412,0.9698870377195554
76,95,5.25,0.0001,100,503.0,719,478,0.9502982107355865,15,0.02086230876216968,0.9647179509867084
77,95,5.5,0.0001,100,503.0,682,468,0.9304174950298211,9,0.013196480938416423,0.9586105070457023
78,95,5.75,0.0001,100,503.0,659,461,0.9165009940357853,7,0.010622154779969651,0.9529394196279078
79,95,6.0,0.0001,100,503.0,639,452,0.8986083499005965,5,0.00782472613458529,0.9453918118830056
80,95,6.25,0.0001,100,503.0,613,441,0.8767395626242545,3,0.004893964110929853,0.9359227992566623
81,95,6.5,0.0001,100,503.0,591,430,0.8548707753479126,3,0.005076142131979695,0.9248973166079664
82,95,6.75,0.0001,100,503.0,565,419,0.8330019880715706,1,0.0017699115044247787,0.915616038283573
83,95,7.0,0.0001,100,503.0,541,407,0.8091451292246521,1,0.0018484288354898336,0.9036483501945811
84,110,2.0,0.0001,100,503.0,3729,503,1.0,3073,0.8240815231965675,0.5879592384017163
85,110,2.25,0.0001,100,503.0,2617,503,1.0,1967,0.7516239969430646,0.6241880015284678
86,110,2.5,0.0001,100,503.0,1937,503,1.0,1289,0.6654620547237997,0.6672689726381001
87,110,2.75,0.0001,100,503.0,1523,503,1.0,868,0.5699277741300066,0.7150361129349967
88,110,3.0,0.0001,100,503.0,1211,503,1.0,551,0.4549958711808423,0.7725020644095788
89,110,3.25,0.0001,100,503.0,1007,503,1.0,343,0.34061569016881826,0.8296921549155909
90,110,3.5,0.0001,100,503.0,918,503,1.0,237,0.2581699346405229,0.8709150326797386
91,110,3.75,0.0001,100,503.0,847,503,1.0,157,0.18536009445100354,0.9073199527744982
92,110,4.0,0.0001,100,503.0,814,503,1.0,107,0.13144963144963145,0.9342751842751843
93,110,4.25,0.0001,100,503.0,779,502,0.9980119284294234,65,0.0834403080872914,0.957285810171066
94,110,4.5,0.0001,100,503.0,762,500,0.9940357852882704,39,0.051181102362204724,0.9714273414630328
95,110,4.75,0.0001,100,503.0,757,499,0.9920477137176938,23,0.03038309114927345,0.9808323112842102
96,110,5.0,0.0001,100,503.0,755,495,0.9840954274353877,15,0.019867549668874173,0.9821139388832567
97,110,5.25,0.0001,100,503.0,741,494,0.9821073558648111,10,0.01349527665317139,0.9843060396058199
98,110,5.5,0.0001,100,503.0,711,487,0.9681908548707754,7,0.009845288326300985,0.9791727832722372
99,110,5.75,0.0001,100,503.0,700,481,0.9562624254473161,6,0.008571428571428572,0.9738454984379438
100,110,6.0,0.0001,100,503.0,671,475,0.9443339960238568,2,0.0029806259314456036,0.9706766850462056
101,110,6.25,0.0001,100,503.0,644,467,0.9284294234592445,2,0.003105590062111801,0.9626619166985664
102,110,6.5,0.0001,100,503.0,624,460,0.9145129224652088,2,0.003205128205128205,0.9556538971300403
103,110,6.75,0.0001,100,503.0,608,451,0.8966202783300199,1,0.001644736842105263,0.9474877707439573
104,110,7.0,0.0001,100,503.0,586,443,0.8807157057654076,1,0.0017064846416382253,0.9395046105618847
105,125,2.0,0.0001,100,503.0,3284,503,1.0,2679,0.8157734470158343,0.5921132764920829
106,125,2.25,0.0001,100,503.0,2447,503,1.0,1832,0.7486718430731508,0.6256640784634246
107,125,2.5,0.0001,100,503.0,1820,503,1.0,1212,0.6659340659340659,0.6670329670329671
108,125,2.75,0.0001,100,503.0,1428,503,1.0,812,0.5686274509803921,0.7156862745098039
109,125,3.0,0.0001,100,503.0,1160,503,1.0,556,0.4793103448275862,0.7603448275862069
110,125,3.25,0.0001,100,503.0,983,503,1.0,381,0.387589013224822,0.8062054933875891
111,125,3.5,0.0001,100,503.0,854,503,1.0,249,0.29156908665105385,0.8542154566744731
112,125,3.75,0.0001,100,503.0,775,503,1.0,158,0.20387096774193547,0.8980645161290323
113,125,4.0,0.0001,100,503.0,735,503,1.0,108,0.1469387755102041,0.926530612244898
114,125,4.25,0.0001,100,503.0,720,502,0.9980119284294234,73,0.10138888888888889,0.9483115197702673
115,125,4.5,0.0001,100,503.0,702,500,0.9940357852882704,49,0.0698005698005698,0.9621176077438502
116,125,4.75,0.0001,100,503.0,684,499,0.9920477137176938,28,0.04093567251461988,0.975556020601537
117,125,5.0,0.0001,100,503.0,674,497,0.9880715705765407,19,0.028189910979228485,0.979940829798656
118,125,5.25,0.0001,100,503.0,667,494,0.9821073558648111,9,0.013493253373313344,0.9843070512457489
119,125,5.5,0.0001,100,503.0,657,490,0.974155069582505,7,0.0106544901065449,0.9817502897379801
120,125,5.75,0.0001,100,503.0,637,480,0.9542743538767395,4,0.006279434850863423,0.973997459512938
121,125,6.0,0.0001,100,503.0,629,476,0.9463220675944334,2,0.003179650238473768,0.9715712086779797
122,125,6.25,0.0001,100,503.0,606,469,0.9324055666003976,2,0.0033003300330033004,0.9645526182836972
123,125,6.5,0.0001,100,503.0,591,461,0.9165009940357853,2,0.00338409475465313,0.9565584496405661
124,125,6.75,0.0001,100,503.0,576,455,0.904572564612326,2,0.003472222222222222,0.9505501711950519
125,125,7.0,0.0001,100,503.0,562,448,0.8906560636182903,1,0.0017793594306049821,0.9444383520938426
126,140,2.0,0.0001,100,503.0,3360,501,0.9960238568588469,2722,0.8101190476190476,0.5929524046198996
127,140,2.25,0.0001,100,503.0,2424,503,1.0,1769,0.7297854785478548,0.6351072607260726
128,140,2.5,0.0001,100,503.0,1860,503,1.0,1206,0.6483870967741936,0.6758064516129032
129,140,2.75,0.0001,100,503.0,1456,503,1.0,806,0.5535714285714286,0.7232142857142857
130,140,3.0,0.0001,100,503.0,1174,503,1.0,520,0.44293015332197616,0.778534923339012
131,140,3.25,0.0001,100,503.0,982,503,1.0,334,0.34012219959266804,0.829938900203666
132,140,3.5,0.0001,100,503.0,887,503,1.0,223,0.25140924464487036,0.8742953776775648
133,140,3.75,0.0001,100,503.0,833,503,1.0,159,0.1908763505402161,0.9045618247298919
134,140,4.0,0.0001,100,503.0,784,503,1.0,100,0.12755102040816327,0.9362244897959184
135,140,4.25,0.0001,100,503.0,739,502,0.9980119284294234,63,0.08525033829499323,0.9563807950672152
136,140,4.5,0.0001,100,503.0,726,498,0.9900596421471173,46,0.06336088154269973,0.9633493803022088
137,140,4.75,0.0001,100,503.0,724,497,0.9880715705765407,30,0.04143646408839779,0.9733175532440714
138,140,5.0,0.0001,100,503.0,709,497,0.9880715705765407,21,0.029619181946403384,0.9792261943150686
139,140,5.25,0.0001,100,503.0,696,493,0.9801192842942346,14,0.020114942528735632,0.9800021708827495
140,140,5.5,0.0001,100,503.0,697,493,0.9801192842942346,6,0.00860832137733142,0.9857554814584515
141,140,5.75,0.0001,100,503.0,695,488,0.9701789264413518,2,0.0028776978417266188,0.9836506142998126
142,140,6.0,0.0001,100,503.0,698,484,0.9622266401590457,2,0.0028653295128939827,0.9796806553230759
143,140,6.25,0.0001,100,503.0,691,479,0.952286282306163,2,0.002894356005788712,0.9746959631501871
144,140,6.5,0.0001,100,503.0,681,474,0.9423459244532804,2,0.002936857562408223,0.9697045334454361
145,140,6.75,0.0001,100,503.0,677,466,0.9264413518886679,2,0.0029542097488921715,0.9617435710698878
146,140,7.0,0.0001,100,503.0,667,460,0.9145129224652088,2,0.0029985007496251873,0.9557572108577919
147,155,2.0,0.0001,100,503.0,3438,491,0.9761431411530815,2779,0.8083187899941827,0.5839121755794494
148,155,2.25,0.0001,100,503.0,2472,494,0.9821073558648111,1797,0.7269417475728155,0.6275828041459979
149,155,2.5,0.0001,100,503.0,1843,496,0.9860834990059643,1154,0.6261530113944656,0.6799652438057493
150,155,2.75,0.0001,100,503.0,1432,499,0.9920477137176938,742,0.5181564245810056,0.7369456445683441
151,155,3.0,0.0001,100,503.0,1186,500,0.9940357852882704,481,0.40556492411467115,0.7942354305867996
152,155,3.25,0.0001,100,503.0,1007,501,0.9960238568588469,311,0.30883813306852037,0.8435928618951632
153,155,3.5,0.0001,100,503.0,912,502,0.9980119284294234,215,0.23574561403508773,0.8811331571971679
154,155,3.75,0.0001,100,503.0,859,502,0.9980119284294234,154,0.17927823050058206,0.9093668489644207
155,155,4.0,0.0001,100,503.0,817,502,0.9980119284294234,104,0.12729498164014688,0.9353584733946383
156,155,4.25,0.0001,100,503.0,773,501,0.9960238568588469,63,0.0815006468305304,0.9572616050141582
157,155,4.5,0.0001,100,503.0,754,500,0.9940357852882704,40,0.05305039787798409,0.9704926937051432
158,155,4.75,0.0001,100,503.0,738,497,0.9880715705765407,22,0.02981029810298103,0.9791306362367798
159,155,5.0,0.0001,100,503.0,714,497,0.9880715705765407,17,0.023809523809523808,0.9821310233835084
160,155,5.25,0.0001,100,503.0,727,497,0.9880715705765407,12,0.016506189821182942,0.985782690377679
161,155,5.5,0.0001,100,503.0,730,496,0.9860834990059643,7,0.009589041095890411,0.9882472289550369
162,155,5.75,0.0001,100,503.0,741,491,0.9761431411530815,5,0.006747638326585695,0.984697751413248
163,155,6.0,0.0001,100,503.0,733,487,0.9681908548707754,2,0.002728512960436562,0.9827311709551694
164,155,6.25,0.0001,100,503.0,732,485,0.9642147117296223,1,0.001366120218579235,0.9814242957555215
165,155,6.5,0.0001,100,503.0,727,479,0.952286282306163,1,0.001375515818431912,0.9754553832438655
166,155,6.75,0.0001,100,503.0,718,475,0.9443339960238568,1,0.001392757660167131,0.9714706191818449
167,155,7.0,0.0001,100,503.0,710,470,0.9343936381709742,1,0.0014084507042253522,0.9664925937333744
168,170,2.0,0.0001,100,503.0,3498,460,0.9145129224652088,2826,0.8078902229845626,0.553311349740323
169,170,2.25,0.0001,100,503.0,2595,466,0.9264413518886679,1914,0.7375722543352601,0.594434548776704
170,170,2.5,0.0001,100,503.0,1990,478,0.9502982107355865,1279,0.642713567839196,0.6537923214481953
171,170,2.75,0.0001,100,503.0,1569,488,0.9701789264413518,842,0.5366475462077757,0.716765690116788
172,170,3.0,0.0001,100,503.0,1277,493,0.9801192842942346,546,0.42756460454189504,0.7762773398761698
173,170,3.25,0.0001,100,503.0,1110,496,0.9860834990059643,371,0.3342342342342342,0.8259246323858651
174,170,3.5,0.0001,100,503.0,1005,499,0.9920477137176938,245,0.24378109452736318,0.8741333095951653
175,170,3.75,0.0001,100,503.0,912,500,0.9940357852882704,175,0.19188596491228072,0.9010749101879949
176,170,4.0,0.0001,100,503.0,855,503,1.0,123,0.14385964912280702,0.9280701754385965
177,170,4.25,0.0001,100,503.0,805,503,1.0,80,0.09937888198757763,0.9503105590062112
178,170,4.5,0.0001,100,503.0,772,501,0.9960238568588469,53,0.06865284974093264,0.9636855035589571
179,170,4.75,0.0001,100,503.0,745,499,0.9920477137176938,28,0.03758389261744966,0.9772319105501222
180,170,5.0,0.0001,100,503.0,737,497,0.9880715705765407,19,0.025780189959294438,0.9811456903086231
181,170,5.25,0.0001,100,503.0,701,494,0.9821073558648111,12,0.017118402282453638,0.9824944767911787
182,170,5.5,0.0001,100,503.0,672,491,0.9761431411530815,10,0.01488095238095238,0.9806310943860646
183,170,5.75,0.0001,100,503.0,675,491,0.9761431411530815,8,0.011851851851851851,0.9821456446506148
184,170,6.0,0.0001,100,503.0,660,488,0.9701789264413518,5,0.007575757575757576,0.9813015844327971
185,170,6.25,0.0001,100,503.0,655,482,0.9582504970178927,3,0.004580152671755725,0.9768351721730685
186,170,6.5,0.0001,100,503.0,646,479,0.952286282306163,1,0.0015479876160990713,0.9753691473450319
187,170,6.75,0.0001,100,503.0,649,477,0.94831013916501,1,0.0015408320493066256,0.9733846535578516
188,170,7.0,0.0001,100,503.0,640,470,0.9343936381709742,1,0.0015625,0.9664155690854871
189,185,2.0,0.0001,100,503.0,3686,344,0.68389662027833,3231,0.8765599565925122,0.4036683318429089
190,185,2.25,0.0001,100,503.0,2907,376,0.7475149105367793,2357,0.8108015135878913,0.468356698474444
191,185,2.5,0.0001,100,503.0,2293,410,0.8151093439363817,1676,0.7309201918883559,0.5420945760240129
192,185,2.75,0.0001,100,503.0,1819,434,0.8628230616302187,1166,0.6410115448048378,0.6109057584126905
193,185,3.0,0.0001,100,503.0,1540,457,0.9085487077534792,830,0.538961038961039,0.6847938343962201
194,185,3.25,0.0001,100,503.0,1334,474,0.9423459244532804,604,0.4527736131934033,0.7447861556299386
195,185,3.5,0.0001,100,503.0,1151,483,0.9602385685884692,413,0.35881841876629017,0.8007100749110896
196,185,3.75,0.0001,100,503.0,1045,488,0.9701789264413518,304,0.2909090909090909,0.8396349177661304
197,185,4.0,0.0001,100,503.0,956,494,0.9821073558648111,221,0.23117154811715482,0.8754679038738282
198,185,4.25,0.0001,100,503.0,903,496,0.9860834990059643,162,0.17940199335548174,0.9033407528252413
199,185,4.5,0.0001,100,503.0,862,495,0.9840954274353877,127,0.14733178654292342,0.9183818204462322
200,185,4.75,0.0001,100,503.0,812,493,0.9801192842942346,95,0.11699507389162561,0.9315621052013044
201,185,5.0,0.0001,100,503.0,779,489,0.9721669980119284,67,0.08600770218228498,0.9430796479148218
202,185,5.25,0.0001,100,503.0,755,486,0.9662027833001988,53,0.07019867549668875,0.9480020539017551
203,185,5.5,0.0001,100,503.0,711,477,0.94831013916501,41,0.057665260196905765,0.945322439484052
204,185,5.75,0.0001,100,503.0,686,469,0.9324055666003976,32,0.04664723032069971,0.942879168139849
205,185,6.0,0.0001,100,503.0,657,464,0.9224652087475149,23,0.0350076103500761,0.9437287991987194
206,185,6.25,0.0001,100,503.0,636,458,0.9105367793240556,19,0.029874213836477988,0.9403312827437889
207,185,6.5,0.0001,100,503.0,604,450,0.8946322067594433,17,0.028145695364238412,0.9332432556976025
208,185,6.75,0.0001,100,503.0,574,440,0.8747514910536779,9,0.0156794425087108,0.9295360242724835
209,185,7.0,0.0001,100,503.0,560,438,0.8707753479125249,9,0.01607142857142857,0.9273519596705482
210,200,2.0,0.0001,100,503.0,3884,353,0.7017892644135189,3420,0.8805355303810505,0.4106268670162342
211,200,2.25,0.0001,100,503.0,2974,395,0.7852882703777336,2430,0.8170813718897109,0.4841034492440114
212,200,2.5,0.0001,100,503.0,2368,421,0.8369781312127237,1752,0.7398648648648649,0.5485566331739293
213,200,2.75,0.0001,100,503.0,1938,447,0.8886679920477137,1259,0.6496388028895769,0.6195145945790684
214,200,3.0,0.0001,100,503.0,1635,466,0.9264413518886679,887,0.5425076452599389,0.6919668533143646
215,200,3.25,0.0001,100,503.0,1433,484,0.9622266401590457,648,0.4521981856245639,0.7550142272672409
216,200,3.5,0.0001,100,503.0,1309,494,0.9821073558648111,476,0.36363636363636365,0.8092354961142237
217,200,3.75,0.0001,100,503.0,1212,499,0.9920477137176938,361,0.2978547854785479,0.8470964641195731
218,200,4.0,0.0001,100,503.0,1122,501,0.9960238568588469,261,0.232620320855615,0.8817017680016159
219,200,4.25,0.0001,100,503.0,1056,501,0.9960238568588469,201,0.1903409090909091,0.902841473883969
220,200,4.5,0.0001,100,503.0,986,498,0.9900596421471173,154,0.15618661257606492,0.9169365147855262
221,200,4.75,0.0001,100,503.0,913,492,0.9781312127236581,108,0.11829134720700986,0.9299199327583241
222,200,5.0,0.0001,100,503.0,880,492,0.9781312127236581,85,0.09659090909090909,0.9407701518163745
223,200,5.25,0.0001,100,503.0,841,485,0.9642147117296223,70,0.08323424494649227,0.940490233391565
224,200,5.5,0.0001,100,503.0,803,477,0.94831013916501,59,0.07347447073474471,0.9374178342151327
225,200,5.75,0.0001,100,503.0,771,472,0.9383697813121272,49,0.06355382619974059,0.9374079775561933
226,200,6.0,0.0001,100,503.0,732,466,0.9264413518886679,41,0.056010928961748634,0.9352152114634597
227,200,6.25,0.0001,100,503.0,692,460,0.9145129224652088,31,0.044797687861271675,0.9348576173019685
228,200,6.5,0.0001,100,503.0,672,455,0.904572564612326,27,0.04017857142857143,0.9321969965918773
229,200,6.75,0.0001,100,503.0,650,451,0.8966202783300199,25,0.038461538461538464,0.9290793699342408
230,200,7.0,0.0001,100,503.0,638,446,0.8866799204771372,22,0.034482758620689655,0.9260985809282238
231,215,2.0,0.0001,100,503.0,3866,359,0.7137176938369781,3374,0.8727366787377134,0.42049050754963235
232,215,2.25,0.0001,100,503.0,2955,409,0.8131212723658051,2373,0.8030456852791878,0.5050377935433086
233,215,2.5,0.0001,100,503.0,2315,432,0.8588469184890656,1664,0.7187904967602592,0.5700282108644033
234,215,2.75,0.0001,100,503.0,1899,463,0.9204771371769384,1192,0.6276987888362296,0.6463891741703544
235,215,3.0,0.0001,100,503.0,1638,480,0.9542743538767395,853,0.5207570207570208,0.7167586665598593
236,215,3.25,0.0001,100,503.0,1473,487,0.9681908548707754,633,0.42973523421588594,0.7692278103274447
237,215,3.5,0.0001,100,503.0,1348,495,0.9840954274353877,484,0.3590504451038576,0.812522491165765
238,215,3.75,0.0001,100,503.0,1268,497,0.9880715705765407,361,0.28470031545741326,0.8516856275595637
239,215,4.0,0.0001,100,503.0,1212,500,0.9940357852882704,279,0.2301980198019802,0.8819188827431451
240,215,4.25,0.0001,100,503.0,1124,502,0.9980119284294234,212,0.18861209964412812,0.9046999143926477
241,215,4.5,0.0001,100,503.0,1084,501,0.9960238568588469,178,0.16420664206642066,0.915908607396213
242,215,4.75,0.0001,100,503.0,1024,499,0.9920477137176938,146,0.142578125,0.9247347943588469
243,215,5.0,0.0001,100,503.0,962,497,0.9880715705765407,117,0.12162162162162163,0.9332249744774596
244,215,5.25,0.0001,100,503.0,903,492,0.9781312127236581,100,0.11074197120708748,0.9336946207582852
245,215,5.5,0.0001,100,503.0,842,483,0.9602385685884692,78,0.09263657957244656,0.9338009945080114
246,215,5.75,0.0001,100,503.0,793,476,0.9463220675944334,62,0.07818411097099622,0.9340689783117186
247,215,6.0,0.0001,100,503.0,754,471,0.9363817097415507,51,0.06763925729442971,0.9343712262235604
248,215,6.25,0.0001,100,503.0,728,458,0.9105367793240556,41,0.05631868131868132,0.9271090490026872
249,215,6.5,0.0001,100,503.0,699,453,0.9005964214711729,38,0.05436337625178827,0.9231165226096923
250,215,6.75,0.0001,100,503.0,672,448,0.8906560636182903,32,0.047619047619047616,0.9215185079996213
251,215,7.0,0.0001,100,503.0,655,442,0.878727634194831,28,0.042748091603053436,0.9179897712958888
252,230,2.0,0.0001,100,503.0,3497,345,0.6858846918489065,3059,0.8747497855304547,0.40556745315922593
253,230,2.25,0.0001,100,503.0,2713,382,0.7594433399602386,2204,0.8123848138591965,0.47352926305052107
254,230,2.5,0.0001,100,503.0,2173,423,0.8409542743538767,1580,0.7271053842613898,0.5569244450462434
255,230,2.75,0.0001,100,503.0,1800,446,0.8866799204771372,1158,0.6433333333333333,0.6216732935719019
256,230,3.0,0.0001,100,503.0,1550,470,0.9343936381709742,848,0.5470967741935484,0.6936484319887128
257,230,3.25,0.0001,100,503.0,1398,481,0.9562624254473161,660,0.4721030042918455,0.7420797105777353
258,230,3.5,0.0001,100,503.0,1301,489,0.9721669980119284,513,0.3943120676402767,0.7889274651858258
259,230,3.75,0.0001,100,503.0,1208,498,0.9900596421471173,399,0.3302980132450331,0.8298808144510421
260,230,4.0,0.0001,100,503.0,1138,500,0.9940357852882704,319,0.28031634446397186,0.8568597204121493
261,230,4.25,0.0001,100,503.0,1116,501,0.9960238568588469,269,0.2410394265232975,0.8774922151677746
262,230,4.5,0.0001,100,503.0,1067,503,1.0,213,0.19962511715089035,0.9001874414245548
263,230,4.75,0.0001,100,503.0,999,499,0.9920477137176938,171,0.17117117117117117,0.9104382712732613
264,230,5.0,0.0001,100,503.0,957,494,0.9821073558648111,145,0.15151515151515152,0.9152961021748298
265,230,5.25,0.0001,100,503.0,900,491,0.9761431411530815,112,0.12444444444444444,0.9258493483543185
266,230,5.5,0.0001,100,503.0,864,485,0.9642147117296223,95,0.1099537037037037,0.9271305040129593
267,230,5.75,0.0001,100,503.0,816,474,0.9423459244532804,81,0.09926470588235294,0.9215406092854637
268,230,6.0,0.0001,100,503.0,765,467,0.9284294234592445,69,0.09019607843137255,0.9191166725139359
269,230,6.25,0.0001,100,503.0,723,460,0.9145129224652088,58,0.08022130013831259,0.9171458111634481
270,230,6.5,0.0001,100,503.0,691,455,0.904572564612326,51,0.07380607814761216,0.915383243232357
271,230,6.75,0.0001,100,503.0,658,451,0.8966202783300199,39,0.05927051671732523,0.9186748808063474
272,230,7.0,0.0001,100,503.0,616,442,0.878727634194831,28,0.045454545454545456,0.9166365443701427
273,245,2.0,0.0001,100,503.0,3470,363,0.7216699801192843,2991,0.8619596541786744,0.42985516297030496
274,245,2.25,0.0001,100,503.0,2696,406,0.8071570576540755,2149,0.797106824925816,0.5050251163641297
275,245,2.5,0.0001,100,503.0,2221,427,0.8489065606361829,1619,0.7289509230076542,0.5599778188142643
276,245,2.75,0.0001,100,503.0,1873,451,0.8966202783300199,1224,0.6534970635344367,0.6215616073977916
277,245,3.0,0.0001,100,503.0,1620,464,0.9224652087475149,919,0.567283950617284,0.6775906290651155
278,245,3.25,0.0001,100,503.0,1464,484,0.9622266401590457,717,0.48975409836065575,0.736236270899195
279,245,3.5,0.0001,100,503.0,1348,493,0.9801192842942346,551,0.40875370919881304,0.7856827875477108
280,245,3.75,0.0001,100,503.0,1268,499,0.9920477137176938,436,0.3438485804416404,0.8240995666380266
281,245,4.0,0.0001,100,503.0,1205,502,0.9980119284294234,353,0.2929460580912863,0.8525329351690685
282,245,4.25,0.0001,100,503.0,1138,503,1.0,271,0.23813708260105448,0.8809314586994728
283,245,4.5,0.0001,100,503.0,1079,501,0.9960238568588469,220,0.20389249304911955,0.8960656819048637
284,245,4.75,0.0001,100,503.0,1011,497,0.9880715705765407,172,0.17012858555885263,0.9089714925088441
285,245,5.0,0.0001,100,503.0,975,497,0.9880715705765407,146,0.14974358974358976,0.9191639904164755
286,245,5.25,0.0001,100,503.0,931,494,0.9821073558648111,125,0.13426423200859292,0.9239215619281091
287,245,5.5,0.0001,100,503.0,895,490,0.974155069582505,106,0.11843575418994413,0.9278596576962804
288,245,5.75,0.0001,100,503.0,862,484,0.9622266401590457,87,0.10092807424593968,0.930649282956553
289,245,6.0,0.0001,100,503.0,810,475,0.9443339960238568,72,0.08888888888888889,0.927722553567484
290,245,6.25,0.0001,100,503.0,766,470,0.9343936381709742,60,0.0783289817232376,0.9280323282238683
291,245,6.5,0.0001,100,503.0,729,464,0.9224652087475149,47,0.0644718792866941,0.9289966647304104
292,245,6.75,0.0001,100,503.0,706,455,0.904572564612326,40,0.056657223796033995,0.923957670408146
293,245,7.0,0.0001,100,503.0,679,449,0.8926441351888668,34,0.050073637702503684,0.9212852487431815
294,260,2.0,0.0001,100,503.0,3555,351,0.6978131212723658,3097,0.8711673699015471,0.4133228756854094
295,260,2.25,0.0001,100,503.0,2803,400,0.7952286282306164,2255,0.804495183731716,0.49536672224945016
296,260,2.5,0.0001,100,503.0,2262,425,0.8449304174950298,1660,0.7338638373121131,0.5555332900914584
297,260,2.75,0.0001,100,503.0,1943,447,0.8886679920477137,1284,0.660833762223366,0.6139171149121738
298,260,3.0,0.0001,100,503.0,1752,472,0.9383697813121272,1020,0.5821917808219178,0.6780890002451048
299,260,3.25,0.0001,100,503.0,1590,485,0.9642147117296223,812,0.5106918238993711,0.7267614439151255
300,260,3.5,0.0001,100,503.0,1424,496,0.9860834990059643,618,0.4339887640449438,0.7760473674805102
301,260,3.75,0.0001,100,503.0,1311,498,0.9900596421471173,505,0.38520213577421814,0.8024287531864496
302,260,4.0,0.0001,100,503.0,1187,500,0.9940357852882704,385,0.3243470935130581,0.8348443458876061
303,260,4.25,0.0001,100,503.0,1136,502,0.9980119284294234,311,0.2737676056338028,0.8621221613978103
304,260,4.5,0.0001,100,503.0,1082,501,0.9960238568588469,261,0.2412199630314233,0.8774019469137118
305,260,4.75,0.0001,100,503.0,1029,501,0.9960238568588469,199,0.1933916423712342,0.9013161072438063
306,260,5.0,0.0001,100,503.0,1005,496,0.9860834990059643,168,0.16716417910447762,0.9094596599507434
307,260,5.25,0.0001,100,503.0,948,493,0.9801192842942346,132,0.13924050632911392,0.9204393889825604
308,260,5.5,0.0001,100,503.0,932,491,0.9761431411530815,114,0.1223175965665236,0.926912772293279
309,260,5.75,0.0001,100,503.0,892,483,0.9602385685884692,98,0.10986547085201794,0.9251865488682256
310,260,6.0,0.0001,100,503.0,869,478,0.9502982107355865,80,0.09205983889528194,0.9291191859201523
311,260,6.25,0.0001,100,503.0,849,476,0.9463220675944334,62,0.07302709069493522,0.9366474884497491
312,260,6.5,0.0001,100,503.0,816,470,0.9343936381709742,51,0.0625,0.9359468190854872
313,260,6.75,0.0001,100,503.0,793,465,0.9244532803180915,41,0.05170239596469105,0.9363754421767002
314,260,7.0,0.0001,100,503.0,755,456,0.9065606361829026,37,0.04900662251655629,0.9287770068331731
315,275,2.0,0.0001,100,503.0,3694,313,0.6222664015904572,3287,0.8898213318895506,0.3662225348504533
316,275,2.25,0.0001,100,503.0,2912,357,0.709741550695825,2430,0.834478021978022,0.4376317643589015
317,275,2.5,0.0001,100,503.0,2315,394,0.7833001988071571,1782,0.7697624190064795,0.5067688899003389
318,275,2.75,0.0001,100,503.0,1989,419,0.8330019880715706,1396,0.7018602312719959,0.5655708783997873
319,275,3.0,0.0001,100,503.0,1740,442,0.878727634194831,1100,0.632183908045977,0.623271863074427
320,275,3.25,0.0001,100,503.0,1524,460,0.9145129224652088,843,0.5531496062992126,0.6806816580829981
321,275,3.5,0.0001,100,503.0,1344,470,0.9343936381709742,660,0.49107142857142855,0.7216611047997727
322,275,3.75,0.0001,100,503.0,1253,487,0.9681908548707754,538,0.42936951316839583,0.7694106708511897
323,275,4.0,0.0001,100,503.0,1151,491,0.9761431411530815,431,0.37445699391833187,0.8008430736173748
324,275,4.25,0.0001,100,503.0,1072,496,0.9860834990059643,335,0.3125,0.8367917495029822
325,275,4.5,0.0001,100,503.0,1024,500,0.9940357852882704,276,0.26953125,0.8622522676441352
326,275,4.75,0.0001,100,503.0,973,499,0.9920477137176938,229,0.23535457348406988,0.878346570116812
327,275,5.0,0.0001,100,503.0,950,496,0.9860834990059643,200,0.21052631578947367,0.8877785916082452
328,275,5.25,0.0001,100,503.0,909,493,0.9801192842942346,165,0.18151815181518152,0.8993005662395266
329,275,5.5,0.0001,100,503.0,883,490,0.974155069582505,135,0.15288788221970556,0.9106335936813997
330,275,5.75,0.0001,100,503.0,848,489,0.9721669980119284,101,0.11910377358490566,0.9265316122135114
331,275,6.0,0.0001,100,503.0,830,483,0.9602385685884692,76,0.09156626506024096,0.9343361517641142
332,275,6.25,0.0001,100,503.0,809,480,0.9542743538767395,64,0.07911001236093942,0.9375821707579001
333,275,6.5,0.0001,100,503.0,792,473,0.9403578528827038,52,0.06565656565656566,0.9373506436130691
334,275,6.75,0.0001,100,503.0,769,469,0.9324055666003976,47,0.0611183355006502,0.9356436155498737
335,275,7.0,0.0001,100,503.0,741,462,0.9184890656063618,35,0.04723346828609987,0.9356277986601309
336,290,2.0,0.0001,100,503.0,3549,303,0.6023856858846919,3180,0.8960270498732037,0.3531793180057441
337,290,2.25,0.0001,100,503.0,2900,331,0.658051689860835,2493,0.8596551724137931,0.39919825872352094
338,290,2.5,0.0001,100,503.0,2368,369,0.7335984095427436,1891,0.7985641891891891,0.4675171101767772
339,290,2.75,0.0001,100,503.0,1995,399,0.7932405566600398,1471,0.73734335839599,0.527948599132025
340,290,3.0,0.0001,100,503.0,1701,427,0.8489065606361829,1147,0.6743092298647855,0.5872986653856986
341,290,3.25,0.0001,100,503.0,1501,448,0.8906560636182903,911,0.6069287141905396,0.6418636747138753
342,290,3.5,0.0001,100,503.0,1316,458,0.9105367793240556,709,0.5387537993920972,0.6858914899659792
343,290,3.75,0.0001,100,503.0,1185,468,0.9304174950298211,575,0.48523206751054854,0.7225927137596362
344,290,4.0,0.0001,100,503.0,1070,472,0.9383697813121272,459,0.4289719626168224,0.7546989093476524
345,290,4.25,0.0001,100,503.0,971,479,0.952286282306163,351,0.36148300720906285,0.79540163754855
346,290,4.5,0.0001,100,503.0,907,488,0.9701789264413518,284,0.3131201764057332,0.8285293750178093
347,290,4.75,0.0001,100,503.0,870,487,0.9681908548707754,239,0.2747126436781609,0.8467391055963073
348,290,5.0,0.0001,100,503.0,819,486,0.9662027833001988,194,0.23687423687423687,0.864664273212981
349,290,5.25,0.0001,100,503.0,778,488,0.9701789264413518,158,0.20308483290488433,0.8835470467682338
350,290,5.5,0.0001,100,503.0,750,487,0.9681908548707754,125,0.16666666666666666,0.9007620941020544
351,290,5.75,0.0001,100,503.0,713,484,0.9622266401590457,91,0.1276297335203366,0.9172984533193546
352,290,6.0,0.0001,100,503.0,700,481,0.9562624254473161,73,0.10428571428571429,0.9259883555808008
353,290,6.25,0.0001,100,503.0,673,479,0.952286282306163,59,0.08766716196136701,0.932309560172398
354,290,6.5,0.0001,100,503.0,662,472,0.9383697813121272,53,0.08006042296072508,0.929154679175701
355,290,6.75,0.0001,100,503.0,643,464,0.9224652087475149,44,0.06842923794712286,0.9270179854001961
356,290,7.0,0.0001,100,503.0,639,459,0.9125248508946322,40,0.06259780907668232,0.9249635209089749
357,305,2.0,0.0001,100,503.0,3854,330,0.6560636182902585,3430,0.8899844317592112,0.38303959326552367
358,305,2.25,0.0001,100,503.0,3112,365,0.7256461232604374,2640,0.8483290488431876,0.4386585372086249
359,305,2.5,0.0001,100,503.0,2578,377,0.7495029821073559,2063,0.8002327385570209,0.4746351217751675
360,305,2.75,0.0001,100,503.0,2147,408,0.8111332007952287,1597,0.743828598043782,0.5336523013757233
361,305,3.0,0.0001,100,503.0,1849,425,0.8449304174950298,1257,0.6798269334775554,0.5825517420087372
362,305,3.25,0.0001,100,503.0,1601,448,0.8906560636182903,948,0.5921299188007495,0.6492630724087705
363,305,3.5,0.0001,100,503.0,1377,463,0.9204771371769384,717,0.5206971677559913,0.6998899847104736
364,305,3.75,0.0001,100,503.0,1246,473,0.9403578528827038,551,0.442215088282504,0.7490713823000998
365,305,4.0,0.0001,100,503.0,1148,479,0.952286282306163,442,0.38501742160278746,0.7836344303516878
366,305,4.25,0.0001,100,503.0,1064,486,0.9662027833001988,353,0.3317669172932331,0.8172179330034828
367,305,4.5,0.0001,100,503.0,987,490,0.974155069582505,275,0.2786220871327254,0.8477664912248898
368,305,4.75,0.0001,100,503.0,914,494,0.9821073558648111,206,0.22538293216630198,0.8783622118492546
369,305,5.0,0.0001,100,503.0,873,493,0.9801192842942346,175,0.2004581901489118,0.8898305470726614
370,305,5.25,0.0001,100,503.0,847,495,0.9840954274353877,143,0.16883116883116883,0.9076321293021095
371,305,5.5,0.0001,100,503.0,825,492,0.9781312127236581,120,0.14545454545454545,0.9163383336345563
372,305,5.75,0.0001,100,503.0,796,489,0.9721669980119284,103,0.12939698492462312,0.9213850065436526
373,305,6.0,0.0001,100,503.0,783,483,0.9602385685884692,92,0.11749680715197956,0.9213708807182448
374,305,6.25,0.0001,100,503.0,748,476,0.9463220675944334,71,0.09491978609625669,0.9257011407490883
375,305,6.5,0.0001,100,503.0,723,468,0.9304174950298211,61,0.08437067773167359,0.9230234086490737
376,305,6.75,0.0001,100,503.0,712,463,0.9204771371769384,49,0.06882022471910113,0.9258284562289186
377,305,7.0,0.0001,100,503.0,688,455,0.904572564612326,40,0.05813953488372093,0.9232165148643026
378,320,2.0,0.0001,100,503.0,4032,345,0.6858846918489065,3588,0.8898809523809523,0.3980018697339771
379,320,2.25,0.0001,100,503.0,3250,378,0.7514910536779325,2751,0.8464615384615385,0.452514757608197
380,320,2.5,0.0001,100,503.0,2666,405,0.805168986083499,2118,0.7944486121530383,0.5053601869652303
381,320,2.75,0.0001,100,503.0,2248,435,0.8648111332007953,1612,0.7170818505338078,0.5738646413334938
382,320,3.0,0.0001,100,503.0,1915,456,0.9065606361829026,1227,0.6407310704960836,0.6329147828434095
383,320,3.25,0.0001,100,503.0,1667,470,0.9343936381709742,945,0.5668866226754649,0.6837535077477547
384,320,3.5,0.0001,100,503.0,1468,479,0.952286282306163,730,0.49727520435967304,0.727505538973245
385,320,3.75,0.0001,100,503.0,1320,489,0.9721669980119284,549,0.4159090909090909,0.7781289535514188
386,320,4.0,0.0001,100,503.0,1216,495,0.9840954274353877,442,0.36348684210526316,0.8103042926650623
387,320,4.25,0.0001,100,503.0,1151,499,0.9920477137176938,361,0.31364031277150306,0.8392037004730954
388,320,4.5,0.0001,100,503.0,1062,498,0.9900596421471173,286,0.2693032015065913,0.860378220320263
389,320,4.75,0.0001,100,503.0,991,498,0.9900596421471173,222,0.22401614530776992,0.8830217484196736
390,320,5.0,0.0001,100,503.0,953,496,0.9860834990059643,180,0.1888772298006296,0.8986031346026673
391,320,5.25,0.0001,100,503.0,897,494,0.9821073558648111,148,0.16499442586399107,0.9085564650004101
392,320,5.5,0.0001,100,503.0,855,491,0.9761431411530815,122,0.14269005847953217,0.9167265413367747
393,320,5.75,0.0001,100,503.0,828,488,0.9701789264413518,106,0.1280193236714976,0.9210798013849271
394,320,6.0,0.0001,100,503.0,805,481,0.9562624254473161,89,0.11055900621118013,0.922851709618068
395,320,6.25,0.0001,100,503.0,775,474,0.9423459244532804,81,0.10451612903225807,0.9189148977105112
396,320,6.5,0.0001,100,503.0,751,470,0.9343936381709742,65,0.08655126498002663,0.9239211865954737
397,320,6.75,0.0001,100,503.0,726,466,0.9264413518886679,54,0.0743801652892562,0.9260305932997059
398,320,7.0,0.0001,100,503.0,706,463,0.9204771371769384,47,0.06657223796033994,0.9269524496082993
399,335,2.0,0.0001,100,503.0,3902,348,0.6918489065606361,3447,0.8833931317273194,0.4042278874166584
400,335,2.25,0.0001,100,503.0,3168,375,0.7455268389662028,2664,0.8409090909090909,0.4523088740285559
401,335,2.5,0.0001,100,503.0,2632,419,0.8330019880715706,2047,0.7777355623100304,0.5276332128807701
402,335,2.75,0.0001,100,503.0,2231,440,0.8747514910536779,1589,0.7122366651725683,0.5812574129405548
403,335,3.0,0.0001,100,503.0,1914,463,0.9204771371769384,1211,0.6327063740856844,0.6438853815456269
404,335,3.25,0.0001,100,503.0,1672,486,0.9662027833001988,922,0.5514354066985646,0.7073836883008171
405,335,3.5,0.0001,100,503.0,1474,492,0.9781312127236581,707,0.4796472184531886,0.7492419971352348
406,335,3.75,0.0001,100,503.0,1348,497,0.9880715705765407,555,0.41172106824925814,0.7881752511636413
407,335,4.0,0.0001,100,503.0,1247,495,0.9840954274353877,446,0.35765838011226947,0.8132185236615591
408,335,4.25,0.0001,100,503.0,1153,498,0.9900596421471173,355,0.30789245446660884,0.8410835938402542
409,335,4.5,0.0001,100,503.0,1073,498,0.9900596421471173,283,0.2637465051258155,0.8631565685106509
410,335,4.75,0.0001,100,503.0,1004,496,0.9860834990059643,232,0.23107569721115537,0.8775039008974044
411,335,5.0,0.0001,100,503.0,945,489,0.9721669980119284,201,0.2126984126984127,0.8797342926567578
412,335,5.25,0.0001,100,503.0,896,488,0.9701789264413518,164,0.18303571428571427,0.8935716060778187
413,335,5.5,0.0001,100,503.0,847,484,0.9622266401590457,140,0.1652892561983471,0.8984686919803493
414,335,5.75,0.0001,100,503.0,805,477,0.94831013916501,119,0.14782608695652175,0.9002420261042441
415,335,6.0,0.0001,100,503.0,767,469,0.9324055666003976,106,0.13820078226857888,0.8971023921659094
416,335,6.25,0.0001,100,503.0,738,461,0.9165009940357853,89,0.12059620596205962,0.8979523940368628
417,335,6.5,0.0001,100,503.0,705,456,0.9065606361829026,78,0.11063829787234042,0.8979611691552811
418,335,6.75,0.0001,100,503.0,677,450,0.8946322067594433,63,0.0930576070901034,0.90078729983467
419,335,7.0,0.0001,100,503.0,642,441,0.8767395626242545,53,0.08255451713395638,0.8970925227451491
420,350,2.0,0.0001,100,503.0,3703,366,0.7276341948310139,3236,0.873886038347286,0.42687407824186396
421,350,2.25,0.0001,100,503.0,3041,398,0.7912524850894632,2505,0.8237421900690562,0.4837551475102035
422,350,2.5,0.0001,100,503.0,2472,430,0.8548707753479126,1886,0.7629449838187702,0.5459628957645712
423,350,2.75,0.0001,100,503.0,2125,444,0.882703777335984,1485,0.6988235294117647,0.5919401239621096
424,350,3.0,0.0001,100,503.0,1838,465,0.9244532803180915,1156,0.6289445048966268,0.6477543877107323
425,350,3.25,0.0001,100,503.0,1640,480,0.9542743538767395,911,0.5554878048780488,0.6993932744993454
426,350,3.5,0.0001,100,503.0,1496,494,0.9821073558648111,714,0.4772727272727273,0.752417314296042
427,350,3.75,0.0001,100,503.0,1389,501,0.9960238568588469,578,0.41612670986321093,0.789948573497818
428,350,4.0,0.0001,100,503.0,1323,502,0.9980119284294234,480,0.36281179138321995,0.8176000685231017
429,350,4.25,0.0001,100,503.0,1248,502,0.9980119284294234,404,0.32371794871794873,0.8371469898557373
430,350,4.5,0.0001,100,503.0,1162,501,0.9960238568588469,331,0.2848537005163511,0.8555850781712478
431,350,4.75,0.0001,100,503.0,1089,498,0.9900596421471173,281,0.2580348943985308,0.8660123738742933
432,350,5.0,0.0001,100,503.0,1035,497,0.9880715705765407,237,0.2289855072463768,0.879543031665082
433,350,5.25,0.0001,100,503.0,958,492,0.9781312127236581,187,0.1951983298538622,0.891466441434898
434,350,5.5,0.0001,100,503.0,900,488,0.9701789264413518,165,0.18333333333333332,0.8934227965540092
435,350,5.75,0.0001,100,503.0,851,483,0.9602385685884692,127,0.1492361927144536,0.9055011879370078
436,350,6.0,0.0001,100,503.0,811,475,0.9443339960238568,113,0.13933415536374846,0.9024999203300541
437,350,6.25,0.0001,100,503.0,766,469,0.9324055666003976,98,0.1279373368146214,0.9022341148928881
438,350,6.5,0.0001,100,503.0,708,458,0.9105367793240556,78,0.11016949152542373,0.9001836438993159
439,350,6.75,0.0001,100,503.0,673,449,0.8926441351888668,63,0.09361069836552749,0.8995167184116697
440,350,7.0,0.0001,100,503.0,636,442,0.878727634194831,49,0.0770440251572327,0.9008418045187991
