20
26
28
38
44
19
59
62
28
90
57
98
81
80
104
99
109
91
100
117
107
67
79
78
106
117
93
85
61
94
36
71
43
45
50
53
1
24
-3
-7
-6
-32
-43
-15
-37
-16
-23
-82
-51
-36
-79
-55
-110
-77
-107
-77
-61
-71
-76
-91
-121
-73
-109
-106
-80
-58
-55
-89
-61
-84
-53
-60
-23
-37
-61
-24
-24
5
26
7
39
12
40
10
65
26
23
67
65
61
68
62
109
101
82
75
94
75
92
69
90
70
97
61
98
111
48
74
46
45
86
76
12
25
-3
40
39
-4
14
-12
-12
2
-20
-10
-66
-51
-42
-59
-54
-72
-88
-92
-76
-69
-85
-67
-105
-66
-106
-81
-118
-77
-114
-56
-105
-75
-48
-78
-63
-59
-25
-14
-42
-13
-3
14
0
24
25
35
49
35
55
69
46
48
53
62
67
53
99
56
80
62
104
124
64
73
124
91
93
106
81
66
92
98
83
73
74
49
55
60
16
24
-3
36
-30
-22
-44
-45
-59
-9
-22
-64
-77
-42
-47
-101
-46
-97
-68
-104
-100
-112
-93
-118
-110
-68
-122
-76
-103
-59
-85
-67
-105
-72
-86
-85
-55
-64
-56
-1
-17
-4
10
-6
10
8
32
28
48
72
29
85
47
59
83
98
62
57
67
91
109
125
88
117
118
100
108
67
74
80
93
47
82
45
33
62
41
73
36
44
15
24
-1
-29
-37
0
-41
-56
-31
-23
-68
-74
-37
-101
-101
-77
-61
-65
-122
-87
-96
-121
-72
-106
-121
-94
-75
-93
-65
-112
-64
-57
-36
-93
-46
-44
-17
-68
-43
-1
-16
-18
-29
14
41
24
35
42
29
69
42
64
43
67
88
53
62
63
71
113
80
104
91
100
65
76
109
90
98
60
88
64
51
48
19
72
19
37
12
18
13
-7
14
-5
-53
-16
-8
-14
-32
-43
-56
-45
-76
-49
-69
-110
-75
-92
-91
-75
-97
-93
-95
-71
-69
-82
-91
-52
-109
-64
-97
-92
-63
-23
-50
-27
-59
-34
-30
0
29
-19
35
46
30
11
52
55
63
44
43
56
53
79
84
92
100
118
122
100
81
63
112
112
92
113
109
88
80
89
77
31
47
49
30
47
7
6
-16
16
25
12
12
-54
-50
-65
-70
-48
-33
-90
-71
-56
-90
-100
-100
-90
-118
-105
-66
-84
-123
-67
-75
-94
-110
-71
-102
-87
-51
-63
-83
-77
-66
-48
-51
-60
-31
-13
-1
32
4
45
2
61
30
53
60
66
58
53
46
90
82
69
85
118
103
103
92
108
74
100
119
112
110
67
85
51
70
56
48
48
47
24
24
-5
20
-3
-10
16
0
-51
-55
-50
-74
-40
-73
-84
-64
-60
-54
-59
-83
-76
-75
-67
-76
-90
-72
-98
-125
-65
-87
-92
-81
-91
-50
-74
-42
-37
-21
-22
-64
-43
2
-13
-30
5
5
11
24
28
11
69
48
80
81
78
96
76
55
98
84
62
111
69
110
72
66
78
65
81
57
74
73
72
67
39
44
27
43
8
10
34
28
34
-14
18
-40
-30
-2
-64
-26
-55
-36
-33
-61
-58
-94
-110
-59
-56
-62
-84
-106
-72
-108
-106
-121
-94
-114
-83
-116
-51
-78
-69
-97
-78
-40
-27
-34
-51
-8
8
-9
26
-4
-4
15
6
13
41
14
48
89
82
88
59
91
77
117
119
121
110
112
70
78
71
117
82
107
94
97
109
98
73
37
42
31
17
59
0
34
15
-18
28
-18
0
-28
-22
-52
-56
-62
-36
-72
-50
-72
-93
-76
-75
-112
-101
-97
-66
-66
-104
-80
-115
-71
-82
-60
-62
-97
-43
-90
-38
-73
-71
-61
-48
-7
-4
-17
-1
-2
-16
31
20
-2
44
74
76
60
60
96
78
67
70
75
59
67
62
126
93
118
74
74
104
114
60
63
62
89
55
58
35
33
56
59
42
14
31
34
-7
-2
-36
-6
-1
-28
-57
-35
-54
-85
-84
-89
-53
-68
-94
-96
-81
-66
-114
-93
-109
-83
-65
-75
-61
-83
-116
-56
-57
-57
-52
-70
-23
-53
-69
-52
-23
-19
-25
-17
32
40
-10
20
1
32
53
66
90
70
102
71
63
99
104
59
119
63
71
114
114
105
113
107
100
65
84
78
45
66
81
70
55
36
23
-2
15
25
19
4
-1
-12
-5
-3
-37
-39
-21
-81
-51
-87
-73
-61
-55
-75
-82
-114
-65
-110
-103
-69
-81
-64
-85
-69
-82
-73
-80
-72
-58
-80
-74
-21
-27
-10
0
-53
3
7
5
-3
13
29
7
33
55
71
78
87
75
65
108
95
82
119
76
89
96
76
108
76
95
117
101
104
63
62
89
41
36
32
49
34
46
34
32
33
20
17
20
-10
-20
-7
-29
-50
-39
-87
-74
-43
-61
-74
-107
-76
-77
-63
-118
-126
-69
-93
-122
-93
-123
-101
-71
-110
-87
-62
-97
-42
-83
-34
-32
-31
-4
-22
-29
-13
25
14
40
37
40
51
65
73
52
78
89
70
63
109
68
68
68
86
88
76
125
125
106
112
113
87
79
60
72
75
47
79
55
46
30
35
53
39
13
0
22
10
-8
-1
-47
-26
-62
-80
-43
-47
-59
-101
-83
-92
-76
-59
-99
-81
-63
