11101011
11101110
00010101
00001100
00111101
00001101
00111110
00100101
00100011
00110001
01100001
01100110
01101010
00110110
00110110
00111110
01100101
01101010
01000011
01100011
01110001
01011010
01001011
01001000
01100101
01010011
01000011
01011101
01010111
00111010
01010110
00101100
00100110
01001000
00001010
00011010
00101101
11111100
11110110
00001010
00000000
11011001
00000001
11011011
11011000
11011011
11101010
11100110
11010011
10100011
10110010
10101000
10111011
11000101
10110110
11000011
10111110
10100010
10100111
10101010
10000010
10110101
10101010
10111000
11000011
10111000
10010101
10110100
10110110
10110110
11010101
11011110
10111110
11011011
11110111
11100001
00001100
11010101
00011000
11101100
00100001
00001100
00011110
00100111
00101001
00101100
00101111
01000111
00101110
01010010
01000100
01011100
00111111
01000010
01100111
01101111
01001000
01000001
01000011
01000101
01110101
01001001
01010101
01010100
01011111
01000000
00111111
01011111
01001011
00110111
01000010
00101001
00100000
01000001
00100101
00001111
00100101
00011010
00001000
00001111
00001100
11001011
11101001
11000110
10111010
11011010
11001010
10111100
10111000
10111010
10011110
10101001
11001000
10001000
10111001
10101010
10000111
10111111
10100101
10111000
10001110
10010001
10101111
10001100
11001001
11000101
11001001
11010010
10100110
10111010
10111001
11101011
11010000
11001011
11100011
11110110
11011101
00011111
00001111
00001110
00001000
00110100
00001111
00101101
00111010
01010100
01010010
01010010
01100110
01100011
01001100
00111011
01100001
00111110
01110001
01111011
01010100
01001100
01000101
01001100
00111101
01110010
01110010
01001101
01101101
01100000
01000011
00111011
01001001
01000011
00110010
00011100
00001011
00001000
00011000
00100111
00001101
00000100
11100000
00000001
11111111
11110001
11010000
11101011
10110100
11001111
10101001
10100110
10011001
11000101
10010000
10011001
11000101
10011111
10110010
10000011
10001110
10101011
10001101
10100101
10111111
10001011
10110000
10100101
10011001
11001001
11011010
10101111
11010011
11100000
11000010
11000011
11001000
11100100
11011100
00010011
00001100
00011110
00110011
00110101
00011010
00100000
01001001
00111010
01000101
00111111
01100101
01011010
01011111
01001111
01101101
01111001
01000010
01010000
01100110
01100101
01010001
01010011
01010110
01101010
01111000
01011000
01010101
01100010
01100100
00101111
01001101
00110001
00101110
00010110
00110110
00101011
00001101
11110001
00000011
11100111
11110111
11111101
11100010
11010000
11011001
11101111
11000110
11010011
11011111
11001100
11001000
10010010
10111111
10010011
10010001
10100011
10101001
10010100
10011011
10111101
10101000
10111011
10111010
10011000
10100010
10010011
10011110
10111000
11010101
11000101
11001100
11100000
10111110
11101111
11000101
11101010
00001101
11100000
00010100
00011100
00010101
00110100
00101111
00100000
00001111
01001110
00111100
01011110
00111110
00110001
01010100
00111000
01100001
01110011
01101111
01001001
01100101
01001001
01001000
00111111
01001101
00111110
01110001
01011010
01101001
00110100
01011111
00101001
01001110
00101000
00110100
00001101
00101011
00101010
00010111
00100110
11110000
00000000
11110000
11011111
11101110
11010111
11000000
10111010
11000101
11001000
11010100
11000011
11010100
10100010
10101001
10100001
10101010
10010001
10011101
10110011
10001001
10110100
10100111
10101110
10011000
10101000
10111111
10110001
10111011
10110110
10101000
10101101
11000110
11101011
10110011
11000011
11100111
11100001
11011011
11101011
00000111
00100100
00001010
00101010
00110010
00101111
00011010
01001001
01000100
00111110
00101011
01001111
01100111
01010111
01101101
01011000
01011101
01001100
01100010
01100110
01100111
01101000
01101101
01110101
01100001
01000010
00111011
01011001
00111100
01001111
01001101
00101101
00111010
00100000
01000100
00000110
00100111
00000000
00001010
00100011
11111010
11111100
11111101
11100000
11000001
11101011
11001111
10110000
10111001
10111000
10101000
10111101
11000111
10011010
10101100
11000011
10111000
10000111
10111101
10011110
10010100
10001010
10001011
10110001
11000110
10110110
10010100
10011001
10100000
10101001
10100011
11010101
11000010
11001010
11011101
11001100
11101011
11100100
00000111
00001100
00011000
00010110
00010111
00100101
00101000
00110101
00110110
01000011
00111001
01100001
00101101
01011011
01110000
01001000
01011010
00111111
01100000
01011110
01011110
01000000
01001100
01111101
01000101
01100100
01000000
01001110
01001110
00101110
01010110
00101011
01000101
00111001
00010111
00101100
00011101
00011010
00100111
00001000
11111010
11100000
11011100
11101110
11111101
11000011
11100100
11001011
11001110
10101001
10100001
10110011
11001001
11001101
10100000
10101010
10110111
10111111
10001110
10000011
10100001
10000110
10111101
10110100
10011110
10010001
10010000
10100100
10011011
10110101
11011100
11000010
11010111
11001001
11101100
11011111
00000001
11011001
11110111
11110101
00100100
00000000
00010010
00001111
00100111
00001101
00111100
01001011
00110101
00111100
01010000
01101100
01010110
01101101
01011111
01001100
01101101
01110010
01110110
01111110
01010011
01001111
01010011
01000110
01100000
01000111
00110110
01000010
01011011
00111011
01001101
00111001
00111011
00111000
00010100
00100010
00000100
00011100
00001000
11110000
11110101
11010110
11011110
11010110
11011001
11000101
10110001
10111100
11001001
10101000
10100111
10101010
10101110
10110010
10001111
10011111
10111101
10111000
10010011
10001010
10010111
10011111
10100101
11000100
10100100
11000000
10111000
10111110
11001001
11000001
10101100
11011100
11110110
10111110
11101011
11101010
11011110
00000001
11101101
11111111
11110111
00011011
00011000
00111011
01000100
01001011
01010000
01010001
01010111
01001001
00110011
01110000
01100100
00111010
01100001
01101110
01010011
01111001
01101100
01000111
00111110
01100001
01101110
01110001
01110000
01101100
01100011
00101101
01001010
01000101
00111011
00101000
00111011
00001101
00110010
11111001
11101110
00010101
11101100
11110010
11100010
11110010
11001010
11011101
10101110
11000010
10101100
11000010
11001111
11000001
10110100
10011001
10110110
10010000
10001011
10110000
10010011
10111110
10111000
10110001
10001010
10011100
10101100
10011100
11000101
10100001
11011001
10110101
11100000
10110110
11001101
11110111
11001100
11001101
00000100
11101000
11100010
00011100
00000010
11111000
00111001
01000000
00110110
00100100
01001001
00111001
00101111
00110010
00101110
01001000
01110010
01100001
01110101
01111100
01000000
01011000
01000110
01001001
01001101
00111110
01100101
01100001
01000101
01101101
01011100
01000011
00110110
01010011
01000010
00111011
00001000
00110111
00001010
11111011
00011100
00000100
11110011
11011100
11010110
11010110
11111011
11000001
11100110
11100001
11001011
11001001
11010101
11010010
10110111
10111001
10100010
10110000
10111000
10101110
10011111
10100101
10000101
10101001
10000110
10011001
10111011
10111001
10010011
10101011
10101110
10101111
10101001
11011111
11001010
11011000
11110111
11010100
11001111
00000011
11101001
00010011
00000000
00101011
00110101
00111010
00011011
00110001
00111001
00110001
01001100
00101111
01101010
01011011
01010010
01000001
01110000
01011110
01111100
01010100
01100100
01110001
01110011
01000001
01011111
01110101
01000111
00111101
00101110
01000010
00110011
00111010
00100011
00011100
01000000
01000010
00010010
00100111
00100111
00000000
00000101
11011110
00001000
00000010
11100111
11000110
11000100
11100101
10111011
11010011
11000110
10011100
10010011
10110100
10110100
10101011
10000100
10100111
10110001
10101000
10110011
10010110
10011001
10011110
10010010
10101101
10111110
10101111
10100001
11001001
11001001
10111100
10110100
11100100
11011000
11100110
11110100
11101010
00010000
11110111
11110010
00100101
00000110
00011000
00101011
01001000
01001111
01001100
01011100
01000100
00111101
01100100
01101010
01000110
01100111
01100100
01010010
01111101
01000111
01111010
01010101
01100101
01110011
00111111
01000001
01100000
00110011
00110110
00101100
00110100
01000110
00111100
00111011
00010101
00100010
00100110
11110101
00010011
00000001
00010000
11100100
11101000
11110010
11011111
11001100
11011110
10110011
10110111
10110011
11001110
11000100
10011011
11000000
10001100
10110100
10110001
10011011
10011110
10100111
10110111
10101010
10011000
10100010
10010111
11001001
11000111
10110011
11001101
11000101
10111110
10111100
11000101
11101011
11100001
11100111
11110100
00001101
00011010
00000111
00101001
11111010
00111001
00001111
00010110
00100000
01000111
00011110
00100010
01000111
01001000
01010111
00111001
01000011
01001010
01011001
01001100
01100110
01100101
01010110
01001001
01010001
00111100
01100111
01100010
00110101
01001001
01001111
00101001
01010110
00011011
00010110
00111000
00011101
00011001
00110000
00011101
00100100
11110101
00010100
11010001
11010110
11000110
11001101
11101110
10101100
11011101
11001001
10111100
10111000
10010010
10001110
11000010
11000101
10110011
10001111
10100110
