01110110
10111010
11010101
11110010
11111101
11110101
10111010
10011100
01101101
01011010
01001011
00011011
00010110
00100001
01011110
10000111
10101100
10011111
11010010
11000110
11110111
11000100
10110011
10000101
01011010
01011000
00100011
00111111
00111000
01010011
01101011
01011110
10001110
10100000
11001011
11111111
11001010
11011111
10100110
10100001
01010111
01010001
00101001
00100110
00110101
00101111
01111010
01111001
10101000
11100010
11001101
11000011
11101010
11010111
10111000
01101111
01011100
00011110
01000010
00110110
00100001
01010111
01010001
10001000
11000100
11000110
11010011
11010110
11010101
10101100
01110101
01011110
01100001
00110010
00000110
00011111
01010011
01101010
10010100
10000000
11100000
11101111
11101110
10111001
11011101
10010001
10000010
01001011
00100110
00100010
00011110
00011110
00111111
01001000
10010001
10010101
11010010
11110100
11101100
10110111
10100000
01111011
01110011
01011010
00010101
00000100
00111001
00110001
01011101
01110001
10101110
10011011
11101011
11101011
11100100
10101011
10100110
10011111
01010100
00111011
00011111
00000010
00001011
00111111
01101100
01100100
10100011
10100111
11101100
11001000
11100100
11010110
10000101
10001010
00111010
00011101
00010100
00101011
00010101
01001010
01010011
10001111
10011100
11010000
11101100
11001010
10110111
11001111
10000011
01100011
01000001
00010010
00100100
00100101
00011110
01010011
01100101
10101110
10011100
11110001
11110101
11100001
11010100
10111001
01111101
01011010
00100000
00110101
00010001
00100101
00111101
01000100
10001100
10111010
11000000
11101111
11111110
11011001
10111110
10000111
01011000
01101000
00111011
00001010
00100111
00010100
01000101
01101111
01110110
10111101
11101010
11001010
11101111
11100000
10111011
01111010
01100101
01100101
00101001
00110101
