11110011
00100100
00000000
00101011
00000001
00000111
00110101
00100000
00100110
00100101
01010111
00111001
01010111
01101011
01010100
01011111
01010100
01000100
01111101
01011011
01111001
01010011
01101010
01100110
01101000
01101110
01001000
01010110
01100110
01010001
01010010
00101111
01010001
00010001
00101110
00000100
00011010
00010111
11111101
00011101
11100001
11100110
11110111
11011110
11111010
11100010
11001011
10111001
11000101
10100100
10111000
11001000
10011101
10100010
10100001
10100111
10011111
10010110
10001000
10000001
10101110
10100010
10111110
11000101
10011100
10110101
10100000
10101101
11011000
11001101
11000111
11001001
10111101
10111111
11101101
11111011
11100000
00000101
11011110
00010010
00000000
00000101
00010100
00110010
00010011
00010111
00100110
01010010
00101000
01001101
00110011
00110100
01001100
01010011
01101001
01100001
01001010
01011010
01000101
01110001
01000111
01100110
01010011
01010001
01000111
01001000
01010111
01100111
01011000
00100101
00110001
00110100
00110000
01000001
00101011
00000110
00100111
00000001
11111001
11110011
11110111
11001010
11101101
11110000
10110110
11011100
11001011
10101101
10100101
11001101
10010011
10101100
10011111
10110111
11000000
10110010
10101110
10100001
10011001
10001001
10100000
10101111
10111011
11000101
11000111
11000100
11001101
10110001
11100001
11010001
11100100
11001101
11011011
11010111
11100100
11011110
11100000
00000111
00000010
00101100
00101000
00011000
00101001
00001110
01001000
01010000
00111100
01011010
01100101
01011010
01101000
00111100
01001010
01010010
01000110
01000110
01101111
01011101
01101111
01001101
01110100
01101110
01011001
01110001
01000011
01011110
00110100
00110001
01010010
01000100
00101000
00100111
00100011
00001111
00001111
11101111
00010111
11101101
11111000
11001110
11111101
11100111
11010011
11001011
11001111
10101101
10100011
10110110
10011000
11000100
10010111
10100000
11000000
10000101
10001110
10001101
10111101
10010111
10111000
10110001
10011011
10001001
10110111
10011100
10111101
10111001
10111011
10111000
11011001
11001110
10111110
11100001
11111111
11011011
00010011
11101001
00001110
00100111
00001011
00100101
00011111
00001101
01001010
01001100
01000001
00111110
00111111
01001010
00111111
00111001
01010100
01110100
01000001
01111001
01010110
01111010
01110010
01001100
01011110
01010111
01101100
01101011
01010101
00110101
01010111
01001110
00111010
00100010
00010110
00011010
00010001
11111110
00011010
00011010
11110010
00010100
00000011
11010100
11111001
11001111
11000100
10111111
11101001
11011111
11001000
10110011
10110011
10101010
10010000
10001010
10011101
10101001
10100011
10011111
10111001
10100011
10001111
10111110
10111000
10010000
10001110
10110000
11000110
10110010
10101110
11000101
10111111
10110100
11110100
11010110
11010011
11100110
00001110
00010101
11100100
00100010
11111110
00110010
00110001
00010011
00101110
01001001
01001001
00100000
01011101
00110010
01101010
01100010
01001111
00111111
01101111
01011111
01010010
01110010
01001111
01011110
00111110
01111001
01011001
00111000
01100010
01000101
01000000
00110010
00101010
00011111
00110010
00101001
00100001
00010101
00011101
00101110
11110000
11110101
11111101
11111010
11110001
11111101
11011100
11011101
11010110
10110000
10101010
10110100
11010011
10110011
10111011
10010000
10101101
10000111
11000000
10010000
11000001
10010001
10010001
11000000
10110101
10100010
10011000
10110010
10011000
11001000
10101110
10110101
11000101
11001100
11001010
11000101
11101000
00000101
11111000
11010111
11100011
00100100
00000110
00101101
00010011
00101010
00101000
01000011
01010011
00111100
00110010
00101111
00111000
01101010
01100000
01011001
01110001
01110000
01111101
01011000
01010100
01011011
01010001
01010000
01011011
01110011
01011111
01000001
01100110
01000101
00110011
00110001
01010011
01000101
00111001
00010101
00011111
00100111
00000000
11100101
11111100
00001000
11110000
11001101
11001011
11111000
11000000
11100100
11001011
11010011
10101001
11000001
11001011
10011111
11000101
10101010
10101000
10011101
10000010
10111010
10010110
10101100
10001111
11000010
10100101
11000110
10101101
10011001
11000110
11001010
11100000
11010101
11000111
11000100
11010111
11011011
00000100
00000000
00011000
00001111
00000101
00101010
00100010
00111101
00100110
00001110
00111100
00111011
00110110
01000001
01001101
00111100
01000101
01010111
01011101
01011101
01100000
01000110
01100100
01001001
01110011
01001010
01001111
01000110
01100110
01001101
01101001
00111000
00101110
01001111
01010011
01010001
00101110
00110011
00110100
00000000
00100010
00000100
11101111
00010010
11100011
11101111
11001010
11011111
11011101
11000001
11000000
11000100
10110000
10101100
10110010
10100101
11000100
10110010
10011110
10110111
10011100
10010101
10010000
10110111
10111001
10110100
10010011
10111001
10111000
10110010
10101011
10111110
11000111
10101101
10110011
11001010
11110001
11001000
11001010
11110011
00000000
11100001
00000111
11111011
00000000
00001000
00100000
00111010
00111101
01001000
00111110
01010000
01001001
00101111
00110010
01001110
01010011
01111000
01000011
01010101
01011010
01001111
01111101
01001101
00111101
01100100
01001101
01001100
01011111
00111001
01000000
00100011
01011000
00101010
00010100
00001111
00101110
00101011
00011111
11110001
00011010
00000100
00001010
11101100
11010010
11111001
11001111
11011110
10111111
11011001
11000100
11001111
10101100
10111010
10100001
10010011
10100001
10001100
10111010
10000001
10110111
10010011
10110101
10011110
10110010
11000100
10011101
10101101
10111001
11001110
11010111
11010110
11000011
11001011
11010101
11001111
11011001
00000100
00001101
00011001
11111011
00001111
00000110
00000110
00011100
00100101
01000011
00100000
01010000
00111100
00111101
00111110
01101101
00111010
01000001
01000001
00111111
01100100
01000010
01110100
01111110
01010001
01100011
01000001
01010001
01011001
01100010
01010111
00101111
01010101
01011101
01000011
00011011
00111001
00111111
00001110
00000000
00100111
00010001
11110110
00001110
11110011
11110100
11000010
11001100
11010101
11100001
10111000
10101001
11001011
11010011
11000010
10111001
10101001
11000000
10111111
10101011
10011011
10010001
10110100
10110001
10110001
10100011
10111100
10101110
10010000
11001111
10110001
11010101
11011000
11001110
10101110
11101111
11101000
11001111
11001110
11010011
11100101
00011100
00100001
00000000
00100010
00110110
00110101
00100000
00110110
00111010
01011010
01011100
00101101
01100010
01101001
01100111
01101100
01010101
01110110
01000111
01010100
01011100
01000010
01111001
01101010
00111110
01101010
01101101
01011101
01101001
01001111
01000010
01001101
00110111
00011001
00100111
00100001
00000010
00000000
00100100
11101011
11101111
11111100
11101111
11111011
11111100
11011011
11010100
10110110
10110100
10111001
10110011
10011001
11001101
10101111
10110011
10110001
10001010
11000010
10001111
10001100
10100010
11000000
10101100
10011010
10101011
11000100
11001101
11001110
10101001
10110110
11000101
11011101
11000000
10111000
11110111
11010001
11100000
00010010
11111001
00000101
11101111
00101011
00111000
00001110
00011111
00010110
00101111
00110100
01000011
00111111
01000101
01100100
01000110
00111100
00111101
01010011
01111011
01011101
01010110
01010010
01010010
01101011
01000010
01110000
01001101
01011110
00111000
01100101
01010010
01000000
00101100
00111100
00101100
00011110
00001010
00100110
00001010
00010100
11111110
11100111
11101000
00000111
11101110
11010011
11000000
10111011
11010000
11000111
11001110
10101000
10100100
10010110
10010001
11000001
10110001
10101111
10101010
10100110
10110110
10010010
11000000
11000010
10100111
10100000
10011010
10110100
10101101
11001011
10101101
11010001
11010101
11001011
11011011
11010101
00000000
11010110
11011011
11110111
11110101
00001100
00110011
00110101
00110110
01001011
00101100
00101001
01001011
00100101
01001101
00111111
01010011
01011010
01010000
01000110
01000111
01000110
01011010
01110110
01111010
01100111
01101111
01111010
01100001
01000001
01011000
00110000
01100101
01011101
00101101
00110110
00110111
01000000
00101110
00011000
00101101
11111000
11100100
11111101
11111101
11110111
11010011
11101100
11010101
11000100
11001001
11010000
10101010
10101010
10110101
10010010
10100100
10011101
10000110
10011011
10101110
10000100
10010101
10110011
10100100
10100000
10110100
11000101
11001010
10111111
10110110
10111001
11010110
11100001
10101010
11000101
11110101
11011001
11001000
11011111
11010101
11011110
00000111
00000100
00110000
00010101
00001110
00111000
00101111
00100110
01011001
01000000
01010010
01001100
01101110
01011110
01011110
01100110
01011001
01110010
01000000
01110110
01110000
01110101
01001001
01010011
01101010
01110010
01000011
01011000
00101100
01000011
00100111
01000101
00101000
00010111
00100001
00001000
11111101
00100000
11111001
00000101
11111011
11011110
11101100
11111010
11110011
11010011
10101111
11010001
10110011
11001010
11000101
10111111
10110110
11000001
10010101
10010000
10000110
10111000
